200 177
99 69 2 11 15 17 20 22 35 40 47 48 49 54 56 83 86 87 96 102 103 108 111 120 122 123 126 127 131 132 135 144 145 154 155 165 169 174 178 179 180 183 184 199
93 21 40 44 145 195
82 19 9 12 13 16 21 22 26 31 33 34 48 51 56 61 73 76 81 88 91 92 95 101 109 111 118 119 120 121 129 138 139 141 150 151 154 157 161 162 163 165 166 169 175 179 180 187 190 193 194 198
192 118 27 82 87 134 143 163
137 19 4 5 12 22 28 33 34 46 47 52 54 57 58 68 69 70 74 84 94 102 103 104 105 109 111 122 124 133 138 141 142 149 150 154 161 165 171 174 184
47 110 2 13 19 34 46 49 58 64 66 69 77 83 84 91 93 108 111 126 127 145 148 150 152 157 159 160 162 163 173 174 182 184 192
184 17 4 20 38 42 56 69 149 183
17 25 14 20 23 33 42 45 53 56 60 64 68 75 78 82 85 91 112 114 115 117 127 128 130 137 140 150 151 157 158 166 169 176 179 182 186 187 191 192 196
191 1 8 30 41 53 65 73 85 95 97 125 126 171
133 133 25 41 82 122
77 103 2 6 11 12 19 29 32 34 37 39 44 64 67 76 90 96 104 105 107 108 115 117 119 123 136 141 144 145 146 149 150 154 159 165 172 177 178 184 186 191 197 198 200
73 45 2 9 11 14 31 36 37 41 49 50 52 60 66 72 75 78 84 94 100 101 102 107 112 115 126 127 128 138 142 145 148 155 158 160 164 167 168 179 185 189 197
131 61 2 34 49 137 198 199
58 74 115 122
102 99 2 20 40 42 43 46 51 57 72 77 99 101 120 122 133 143 155 181 185
126 116 171 196
144 15 1 12 15 56 60 62 83 85 121 130 139 166 174 175
16 68 3 4 12 19 21 25 30 36 40 43 45 46 49 52 62 63 64 70 79 82 86 87 89 99 108 115 118 127 137 139 143 144 152 156 161 164 165 169 171 173 181 187 188 189 190 194 197
127 159 1 11 24 25 26 52 61 79 155
132 72 9 11 12 15 17 45 49 55 64 74 75 77 78 83 88 90 93 97 101 105 107 108 114 118 122 126 133 137 141 149 151 157 158 161 163 166 173 174 180 183 185 186 188 189 191
27 115 4 7 8 9 11 15 18 25 30 38 41 44 48 51 56 58 61 62 64 67 68 73 74 81 94 95 98 110 111 112 122 123 126 130 136 142 143 160 161 162 163 164 171 172 178 189 196
100 175 3 53 54 60 71 74 77 83 85 88 92 101 102 106 147 177 200
30 150 6 8 13 19 35 40 47 49 51 52 58 61 85 88 96 100 104 110 113 114 126 127 130 133 138 140 147 150 153 174 179 180 183
147 156 4 7 13 14 17 19 24 27 28 32 41 46 47 57 60 67 74 77 84 87 96 104 112 126 133 140 145 149 151 158 159 164 166 167 176 180 183 184 185 186 187 188 189 190 194 199
129 96 5 7 13 22 34 42 45 47 67 71 115 122 142 150 151 157 164 179 180 183 194
124 32 2 5 6 11 14 19 21 26 28 40 41 43 45 48 49 54 60 62 63 67 72 97 99 100 103 104 110 114 119 121 128 141 152 153 158 163 165 166 169 170 175 180
175 53 21 26 35 45 54 63 77 86 88 103 104 128 143 162 174 194
89 29 4 11 15 20 25 30 36 43 53 65 69 91 94 97 101 114 124 128 132 137 143 146 147 153 156 162 170 172 177 178 182 195 196
9 123 5 32 47 61 85 105 107 119 135 182
80 29 56 72 96 98 117 173
105 60 2 6 8 11 12 15 17 21 26 36 37 42 43 46 47 49 52 59 65 67 73 88 90 95 100 109 110 113 121 124 125 130 135 139 142 144 149 153 160 161 164 168 169 182 184 195 199 200
7 79 8 10 13 31 33 36 38 41 57 63 72 75 93 95 96 98 100 101 111 112 114 117 118 120 121 124 126 129 132 133 140 144 155 167 171 174 183 193 200
15 43 3 9 18 21 22 25 28 39 41 42 47 49 50 53 58 61 63 64 70 84 92 97 101 109 120 124 127 129 132 137 156 157 164 169 170 177 178 180 183 187 191 192 200
48 88 1 3 7 9 15 20 28 33 35 36 40 64 70 72 86 92 93 99 105 109 115 125 146 157 162 163 167 193 197
23 30 5 6 7 11 12 33 41 42 49 63 69 73 79 95 103 114 115 119 121 125 127 130 137 142 148 149 151 153 158 160 164 167 168 172 179 182 183 184 186 191 194 198
6 86 42 53 102 106 130 142 146 195
52 71 11 15 21 22 25 29 32 36 38 39 42 43 45 46 47 50 63 69 70 72 78 79 86 95 96 100 108 111 114 117 119 126 128 130 132 133 134 135 145 146 148 157 160 163 169 182 184 192 196 200
62 81 1 2 16 28 31 33 49 51 52 55 57 61 65 68 72 78 87 88 94 98 102 105 109 114 116 117 119 129 142 144 146 148 151 153 161 163 164 168 182 184 186 187 190
109 4 79 87 90 106 155 164
139 98 1 4 7 10 13 15 21 22 24 29 31 34 35 50 58 59 60 65 79 81 83 96 100 101 103 112 114 117 119 122 123 131 135 138 145 148 159 161 165 167 172 180 188
4 64 33 42 44 54 56 63 65 67 69 72 73 75 81 88 90 100 102 103 106 107 110 118 120 125 126 128 129 135 144 146 148 158 162 163 172 178 179 181 183 186 188 189 191 198
186 65 29 99 169
49 91 7 11 17 19 20 22 27 32 42 43 72 73 83 91 111 116 117 119 120 121 124 146 162 171 181 188
25 38 1 3 15 20 27 28 75 94 121 128 142 144 160
117 23 5 8 14 18 20 22 30 34 35 41 42 43 45 54 55 56 66 67 68 72 76 87 88 90 94 108 110 112 121 134 139 140 143 148 149 151 155 160 170 175 182 183 185 188 190 199
75 69 3 14 34 48 49 51 52 56 57 59 76 80 89 97 98 99 104 112 114 119 123 124 129 131 139 150 154 158 161 166 168 171 200
98 41 71 74 109 164 165 190
173 139 60 99 124 126 129 133 142 158
5 75 8 19 42 45 59 60 70 79 87 89 92 94 100 104 117 122 124 126 128 130 133 135 139 141 142 146 160 163 176 188 190
88 158 2 15 16 18 19 23 29 32 38 39 57 64 65 68 77 84 85 90 95 96 102 107 111 114 132 136 147 151 161 168 173 175 176 178 184 198
97 39 5 18 22 27 29 34 38 43 46 48 51 57 59 63 64 65 76 77 80 83 88 89 92 93 98 100 103 110 115 124 130 132 146 149 154 160 165 171 182 195 196 197 198 200
176 16 1 25 48 64 74 77 84 95 110 115 116 140 162 177 178 188 190 196
64 79 3 6 21 35 50 51 88 90 95 113 120 124 125 126 128 130 141 160 161 162 164 173 179 184 195 200
140 183 2 36 68 131
8 28 2 4 5 13 23 24 30 33 37 38 39 41 51 53 58 75 76 80 111 112 117 122 125 130 138 142 152 153 163 165 174 176 178 180 189 194
120 124 7 12 15 17 18 20 31 37 53 77 97 123 127 133 134 152 157 161 170 174 183 186
22 60 38 40 41 63 76 83 131 138 177 179
168 80 6 9 10 12 28 31 34 53 61 66 71 80 92 99 104 109 111 115 116 130 131 139 163 165 166 169 178 182 183
179 113 1 4 6 12 16 20 21 24 29 31 32 35 37 40 57 60 67 71 72 75 77 86 89 96 102 107 111 116 122 126 127 137 139 148 168 170 175 178 183 195
113 195 8 17 21 43 50 62 93 95 101 105 110 124 126 132 140 143 150
92 118 17 62 77 121 134 156 173 183 189 192
51 115 1 13 23 24 31 37 40 44 46 50 52 60 62 63 78 83 90 95 97 98 99 100 106 108 116 117 126 127 132 141 142 148 150 152 153 159 161 173 177 180 187 188 190 192 194 196 198
190 144 1 10 18 25 35 49 69 91 100 119 120 124 128 133 134 136 138 147 153 155 157 161 174 179 186 197
36 93 4 14 16 30 37 39 43 48 52 65 66 67 70 74 88 92 93 94 97 99 123 130 141 145 157 160 163 167 169 170 193 197
188 104 30 41 51 52 53 66 67 84 99 113 114 141 165 192
166 155 5 6 10 14 15 16 18 27 30 33 51 54 55 59 61 73 96 99 100 101 112 113 122 124 128 131 132 133 135 136 138 143 149 150 151 163 165 170 179 182 184 188 194 196 199 200
104 25 2 4 9 13 26 28 29 34 35 36 60 65 67 72 74 79 84 86 95 97 100 106 113 116 117 125 126 128 140 145 149 152 157 159 163 170 171 173 179 189 191 196 200
14 37 3 11 27 29 56 58 62 82 84 86 103 106 113 120 132 148 153 161 164 171 175 176 185 191 196 197
42 159 9 12 22 29 43 48 59 84 87 88 94 95 113 115 116 139 141 145 154 165 167 171 178 179 186 188 191
2 161 13 50 65 70 90 138 166 195
187 44 43 61 63 75 83 100 104 138 146 156 175 184
41 35 1 4 18 20 21 26 27 55 57 63 67 69 75 79 87 92 93 95 100 101 107 109 110 118 122 125 128 131 133 140 141 157 158 164 166 170 172 180 181 184 185 196 199 200
35 89 3 27 30 38 41 46 59 72 82 87 99 116 130 136 180
178 44 3 4 7 12 24 32 44 57 60 67 69 72 75 77 84 89 104 105 107 109 115 130 133 138 143 144 145 147 148 160 162 171 174 184 188 200
169 54 7 41 74 131 132 137 139 142
50 159 3 45 55 90 102 116 117 122 127 153 156 163 165 167 176 188
69 172 5 8 15 19 23 30 41 60 61 76 77 83 84 95 120 123 126 129 134 137 142 146 148 151 152 157 169 171 174 177 183 186 188 191 194 196 197 198
128 79 5 17 31 48 50 57 58 61 64 67 71 74 75 80 105 106 107 113 114 118 121 133 136 137 139 144 150 158 163 169 179 193 197 200
170 182 18 30 31 35 37 38 58 59 69 75 76 105 126 129 137 143 146 149 155 161 173 178 190 194 200
101 122 62 88 115
40 2 5 16 17 18 20 27 29 30 34 36 41 56 60 61 67 76 78 83 84 86 87 95 98 102 108 110 111 121 122 126 127 132 134 138 139 142 148 149 157 161 162 163 167 169 173 184 191 194 199
83 174 5 11 12 13 16 24 27 28 32 39 49 50 51 61 63 64 69 73 75 76 77 80 81 86 88 89 90 94 97 101 109 111 114 116 119 123 126 128 142 143 146 149 177 181 183 184 195 196
24 162 23 42 55 68 85 88 101 107 118 119 135 153 158 166 175 184
189 190 4 6 11 17 18 20 29 34 35 46 49 55 61 62 67 73 77 79 83 90 92 97 99 100 102 110 119 120 127 138 139 142 146 147 148 162 171 185 193
31 181 1 10 14 17 23 25 37 40 44 52 54 64 67 73 74 77 79 81 88 89 91 94 96 104 106 109 110 117 119 124 130 148 161 162 164 169 175 178 179 180 181 183 188 189 190 191 194 196 197
194 91
29 23 5 43 81 115 117 119 164 173
34 124 62 159 182 191 196
112 73 2 6 25 29 33 46 49 50 59 76 78 82 91 100 101 111 114 116 120 123 128 134 137 138 142 163 165 172 179 194
158 155 20 29 32 38 62 72 87 103 116 123 125 136 149 190 193 198
154 132 8 14 22 23 25 26 42 46 50 51 57 75 76 89 109 114 119 121 132 135 137 152 161 164 167 190 194
162 151 6 7 22 24 32 33 37 40 42 48 51 55 61 77 84 88 94 111 115 124 127 142 156 160 193
81 198 4 6 9 10 16 17 30 33 42 44 45 47 54 59 60 62 74 83 94 99 100 105 108 110 112 113 114 123 127 129 132 137 145 150 153 159 160 164 171 184 190 192 193 197
143 107 12 15 62 69 86 102 146 170 176
182 55 1 15 35 73 91 96 116 117 125 146 183 190
19 82 3 5 14 20 28 34 36 37 39 40 42 55 63 64 67 73 76 79 81 84 88 89 90 102 108 109 112 118 122 126 127 128 132 148 152 154 155 158 162 164 169 174 175 181 183 187 193 200
85 8 4 6 7 13 20 21 22 24 28 31 35 39 41 46 47 55 57 60 71 72 77 84 86 102 106 108 110 112 116 123 125 130 132 139 140 142 152 153 155 159 166 168 172 173 176 178 181 183 186 197
13 122 4 8 14 18 21 25 44 45 58 60 88 89 96 101 102 105 107 109 110 111 112 113 118 119 123 127 130 152 153 154 159 162 164 166 171 173 182 183 184 189 190 191 192 197
157 23 32 43 64 85 98 99 104 114 116 119 133 134 140 169 175 195 197 199
197 62 16 28 31 59 67 72 76 93 98 100 104 110 123 133 149 150 156 169 171 176 177 182 194 200
45 126 23 55 77 134 191
86 149 1 6 11 13 20 22 37 47 49 58 70 73 78 79 85 101 102 103 118 139 147 160 161 163 174 182 186 189 199
37 163 16 22 68 82 84 95 154
79 86 3 6 8 9 14 42 47 55 56 59 60 71 80 83 85 93 96 107 109 110 114 118 123 127 131 144 145 163 164 166 185 186 197
107 62 3 6 17 19 21 25 28 34 40 41 67 69 71 89 90 91 99 104 105 116 119 120 136 138 141 147 154 156 169 170 177 181 183
87 143 1 15 20 21 23 34 39 41 46 79 95 117 120 122 139 142 150 173 188 189 190 191 199
121 37 1 3 5 10 11 23 25 27 28 31 34 35 37 43 52 55 56 58 63 74 76 79 85 86 96 104 106 109 113 115 118 119 126 129 131 148 155 158 160 163 166 168 169 170 172 176 197 198
200 52 12 30 40 68 70 82 86 92 123 125 132 137 145 148 149 151 174 179 181 194
130 148 18 20 72 83 87 96 101 127 136 153 169 177 194
136 185 6 10 57 77 80 83 85 89 91 97 99 119 120 127 138 139 146 150 154 170 184 197 198
183 145 3 7 14 20 22 28 38 44 47 52 63 64 67 68 71 75 78 80 82 86 90 92 103 104 105 114 116 118 124 132 137 153 161 169 173 175 176 186 187 199
20 161 7 22 26 39 57 72 77 83 101 110 129 143 158 163 176 178 187 196 198
195 116 2 6 20 24 38 47 53 59 62 64 69 70 71 73 84 97 102 103 106 109 110 116 119 126 128 138 141 154 155 161 170 171 172 173 183 184 188 190 198
56 174 5 20 23 27 34 38 40 42 44 45 46 50 54 67 74 80 84 87 89 91 97 98 120 129 131 139 140 142 158 168 171 182 185 193
198 147 4 5 11 18 31 32 37 46 66 69 78 79 83 98 99 112 131 134 136 140 143 160 167 188 197
165 65 13 50 55 58 73 80 85 88 90 92 94 112 121 160 180
123 121 2 12 32 36 51 54 57 67 69 79 80 92 105 136 140 150 166 172 178 182 194
148 123 4 13 27 30 31 41 45 47 48 50 56 57 63 68 73 84 91 108 114 118 161 170 177 181
39 13 5 13 19 22 41 42 43 45 56 80 86 94 102 105 109 122 130 146 149 152 176 184 186 200
156 42 21 34 37 56 77 126 148 161 189 194 196
155 134 2 8 10 17 24 25 30 33 41 48 54 55 57 58 63 77 82 84 89 90 93 95 97 105 112 114 117 120 126 131 132 138 139 144 147 152 156 164 168 173 184 185 186 188 193 194 198 199
70 120 3 26 29 30 39 47 58 81 122 123 126 131 132 153 178 182
138 39 72 126 147 158 163
119 189 1 13 21 34 35 41 43 44 45 53 54 74 87 95 96 103 106 111 117 120 135 142 148 150 153 156 160 163 164 169 174 179 184 189 196 199
118 22 3 7 13 14 19 30 31 32 37 44 47 55 76 86 87 88 91 97 101 112 115 124 127 128 139 142 144 145 147 151 156 158 160 163 174 181 183 189 191 192 194 200
199 90 19 26 44 51 52 57 84 94 97 106 108 138 188
71 63 3 19 21 25 44 87 96 114 118 123 132 145 173 181
160 84 1 7 13 18 22 36 41 44 46 48 50 58 63 69 84 85 99 109 111 113 126 134 144 145 156 165 167 174 177 178 185 187 193 195
106 103 1 2 4 5 10 13 25 29 30 32 33 40 51 52 53 56 57 58 81 94 95 97 100 102 105 110 112 113 115 116 117 118 125 136 138 148 152 160 161 169 174 176 178 182 183 189 191 195 198
55 58 4 7 13 23 30 60 61 63 68 84 90 99 106 108 114 127 128 131 133 135 142 145 147 148 158 159 170 180 181 184 194
72 197 10 15 26 40 43 47 62 68 78 82 94 104 109 117 120 123 128 144 150 166 183 190 193 197
114 41 26 54 132 194 198
21 163 1 5 11 26 30 32 34 39 40 41 49 50 55 71 75 101 102 120 127 131 134 136 154 167 171 179 183 199 200
43 126 4 6 9 18 23 27 28 30 34 35 56 57 62 63 67 70 74 75 78 83 92 94 112 124 129 133 146 149 156 158 160 164 177 180 199 200
110 160 5 8 19 20 30 32 35 36 40 51 54 64 69 77 78 79 81 91 96 100 105 113 114 116 118 125 135 137 141 144 146 147 151 154 155 163 165 166 171 176 177 187 195 196
18 28 6 10 11 12 16 23 26 28 31 44 45 48 54 59 62 63 72 78 79 80 81 88 89 93 94 95 97 100 105 110 120 121 128 132 135 144 145 156 158 159 163 165 167 177 178 180 187
161 26 1 5 20 31 49 52 60 69 73 118 123 128 132 138 139 147 154 157 160 177
57 190 26 82 145 175
167 154 5 7 11 13 19 22 30 41 42 43 50 52 60 61 71 73 84 85 89 94 95 99 104 106 115 129 133 134 141 145 148 154 155 156 164 170 171 172 178 180 181 185 191 192 193 195 198
66 18 12 16 23 24 26 27 36 41 50 53 54 65 69 82 84 87 88 100 101 105 109 112 113 117 122 129 130 132 136 138 140 151 170 176 178 179 182 183 188 192 194 197 200
122 139 28 38 48 136 140 141 173
196 76 3 7 17 18 27 29 31 33 46 47 54 57 70 72 74 78 83 85 86 92 95 110 116 119 122 125 131 134 144 155 159 177 185 187 189 191 193 194
153 42 1 11 24 28 33 51 59 64 83 94 96 112 113 115 116 121 124 125 129 135 139 140 146 163 164 165 167 171 172 176 180 192 195 199
38 123 1 2 6 20 22 41 47 56 57 63 68 70 73 85 86 87 88 93 95 100 102 106 109 113 119 121 127 130 136 144 146 149 150 152 153 155 158 160 168 171 176 179 182 184 189 190 195 197 200
159 87 3 4 6 10 12 15 18 25 27 33 34 35 43 63 67 71 73 79 99 101 114 128 132 133 137 140 144 147 152 173 176 181 187 190 195 198 199
53 71 1 16 18 23 31 32 36 42 46 49 51 58 63 68 70 77 83 85 94 101 105 108 115 124 134 135 142 162 169 170 176 185 189 194 196 197 198
180 156 2 21 24 27 32 38 52 60 61 69 75 76 77 82 87 89 92 93 96 113 116 117 131 139 146 147 148 149 160 161 164 166 173 179 190 195 198
1 89 6 69 131
46 188 5 17 20 47 52 60 70 81 85 122 143 149 150 171
177 21 5 11 13 21 27 42 54 55 60 61 64 71 74 77 80 84 87 90 92 97 99 103 107 109 112 123 127 133 136 137 147 150 162 168 170 176 183 193
135 49 68 90
12 135 4 15 19 30 40 41 43 46 51 53 54 55 60 61 62 63 64 65 69 73 74 78 79 81 82 83 88 100 102 111 133 139 145 146 147 148 150 152 156 157 159 168 170 180 184 185
96 95 1 3 15 22 24 32 33 43 45 46 59 64 65 68 70 74 78 82 83 85 87 94 100 107 108 111 114 118 119 123 128 134 145 149 150 152 154 158 163 166 171 182 184 188 191 196 199
68 27 4 12 13 23 30 36 38 39 52 60 61 62 64 71 80 89 94 95 99 105 109 115 121 126 130 139 142 144 145 148 149 152 153 163 164 168 169 170 171 190 191 197 200
172 67 23 25 35 37 46 52 88 109 134 136 139 140 147 152 160 161 164 184
91 55 3 31 81 93 94 103 107 133 153 186 197
26 76 2 4 13 14 29 30 32 40 41 43 49 51 52 53 57 58 60 66 69 70 73 85 88 89 93 94 97 99 105 110 115 134 136 140 141 142 143 147 150 156 165 170 171 180 183 186 191 192
60 37 100 168
103 172
171 4 5 7 9 15 19 21 28 30 49 53 55 62 67 68 72 74 92 95 100 105 108 110 113 129 135 140 144 145 147 148 150 151 153 155 159 160 161 164 166 173 174 184 185 192 193 195 199
94 116 4 13 21 27 51 64 65 67 83 87 91 98 105 116 125 134 138 141 144 155 157 159 172 174 176 179 182 197 199
90 84 33
67 87 4 13 28 38 40 43 47 49 52 53 55 63 64 74 78 79 84 90 94 99 102 103 104 108 109 111 113 123 130 133 138 148 152 155 156 159 165 168 170 172 175 176 186 189 195 198 199
74 111 2 16 26 27 30 42 45 58 59 64 65 67 98 104 112 122 123 127 132 135 136 137 170 174 175 177 181 185 190 196
84 85 56 62 69 118 119 180 189
111 96 2 9 21 34 39 44 45 67 80 85 89 101 103 107 115 152 175 179 200
32 192 1 8 12 14 16 18 33 37 42 45 47 50 51 54 72 77 78 80 87 88 92 96 97 98 100 104 111 117 120 123 124 140 141 145 147 154 158 174 178 179 181 182 200
163 72 9 16 23 25 28 30 33 40 45 54 58 63 65 74 80 93 98 99 104 108 109 114 116 117 128 132 134 146 150 153 154 155 162 164 169 173 178 179 183 185 188 189 190
115 119 63 66 72 78 110 129 140 159 173 177 193
54 148 39 59 86
174 61 1 8 12 15 23 34 50 54 56 64 72 91 92 98 101 102 107 110 112 122 127 130 138 142 148 159 165 184
146 134 1 2 7 17 21 24 37 39 40 54 58 73 75 89 93 95 99 110 114 124 138 139 140 149 159 166 185 188 190
76 96
150 112 30 46 53 66 75 85 91 127 128 153 189 192
3 74 2 8 11 24 28 29 39 42 50 66 69 70 74 78 83 88 93 102 103 112 113 145 166 170 180 183 190 194
28 77 13 19 31 40 51 70 97 124 145 153
95 91 6 11 12 15 21 47 63 73 76 79 80 96 115 120 127 137 144 146 152 154 157 166 177 185 186 190 195
152 128 3 4 8 12 14 18 28 33 34 37 39 41 48 59 62 64 68 69 72 80 81 87 93 94 95 107 111 112 116 118 127 131 138 142 150 154 159 160 171 179 183 185 187 189 193 196 199 200
181 38 3 21 33 34 35 37 45 51 52 56 60 67 75 76 79 85 90 91 105 113 116 122 131 147 152 155 160 161 172 177 187 188 197 198
11 43 12 13 18 19 20 26 30 31 36 39 40 59 63 65 67 71 72 73 84 85 93 104 105 117 130 136 140 142 148 153 156 160 170 172 177
134 167 84
142 30 4 22 23 29 32 40 43 44 49 52 53 72 75 79 84 94 98 100 115 119 129 135 137 144 159 164 171 172 184 187 197 198
151 11 6 13 14 15 18 22 24 28 31 32 33 37 52 63 65 68 69 70 71 72 74 84 92 94 98 99 108 109 110 115 117 118 119 129 134 142 148 155 156 159 167 170 171 183 185 187 190 193 195 198
63 48 7 42 47 48 53 59 60 61 64 125 130 138 152 159 180 189
108 136 1 5 6 9 12 17 18 19 24 31 35 39 40 50 51 64 72 76 80 85 90 95 96 99 105 107 119 131 136 137 142 149 158 162 163 165 177 179 182 196
65 48 1 2 12 18 23 25 30 33 36 38 46 50 58 63 66 69 73 80 82 84 86 92 97 100 112 118 130 131 132 138 141 143 145 150 153 158 159 161 164 170 175 176 184 188 191 193 195 196 200
44 83 2 5 10 12 15 18 19 21 31 45 48 55 71 72 73 75 81 87 88 90 91 92 95 99 108 115 127 128 138 140 146 147 149 151 152 157 158 159 168 170 172 174 176 177 179 189 190 191 192 194
145 87 6 7 9 15 27 30 32 36 39 51 53 68 71 98 103 106 113 118 119 128 138 141 158 162 164 179 182 192 199 200
141 15 34 60 61 79 99 128 132 143 178 180
61 23 1 3 7 9 13 14 15 17 19 20 28 31 33 38 42 48 49 56 62 67 71 72 82 83 85 90 92 95 96 101 105 109 140 141 153 155 171 176 182 183 185 189 194 197 200
185 103 5 7 9 12 13 19 24 26 30 41 45 46 48 51 55 57 65 66 75 78 79 84 85 86 88 89 90 91 94 96 98 100 102 104 108 112 128 132 136 137 159 164 166 167 168 177 184 186 194 199
125 196 5 6 22 29 31 47 61 62 66 67 68 82 90 92 94 98 100 106 107 120 121 123 128 133 136 139 148 153 154 156 157 158 162 169 176 178 180 182 189 192 198 199
116 58 2 4 5 14 16 21 24 30 38 47 51 53 55 56 58 59 60 62 67 75 82 83 85 95 101 115 117 121 125 126 131 135 139 147 150 151 154 156 162 163 172 176 178 180 181 185 190 192 193 194
149 121 4 8 9 15 21 35 46 48 53 54 55 60 63 69 73 75 78 80 86 97 101 119 121 123 125 126 134 135 137 139 140 163 173 179 181 195
33 170 2 7 10 26 39 50 51 57 65 102 106 110 111 126 132 159 165 166 168 172 185
59 32 60 98 109 120 141 191
78 92 16 20 22 23 30 40 44 49 51 53 81 89 107 114 117 125 146 151 156 159 161 170 172 178 179 184 188 194
193 143 1 3 4 5 8 17 20 21 22 27 29 34 37 41 51 55 60 62 68 75 79 84 89 108 110 115 123 126 127 130 131 135 148 150 162 167 169 181 182 183
10 20 44 50 53 70 77 81 108 120 123 125 126 135 174 181 190 192
164 172 7 10 14 15 18 25 26 36 38 39 42 51 54 58 64 66 69 70 72 81 87 92 93 94 96 99 100 108 112 116 121 131 146 147 150 153 154 155 159 165 166 169 170 176 181 192
