30 94 89 
67 56.547957 65 25
91 154.764552 90 86
86 142.674735 84 83 76
92 151.182508 90 88
73 69.615694 65 43
88 130.398908 87 82 79
87 114.606645 81 78
79 89.158561 77 67 61
75 101.959048 73 67 49
84 114.622151 81 74
74 85.821272 73 66 46
89 142.674675 87 83 80
71 73.113959 69 67 37
80 110.092684 77 68 64
72 85.821312 69 68 40
65 43.711854 19
94 178.071564 93
77 69.614531 65 55
69 57.009560 65 31
68 56.500064 65 28
78 101.938958 77 66 58
76 105.209124 73 68 52
90 138.593663 85
66 56.506839 65 22
70 73.114013 69 66 34
93 170.095520 92 91 89
85 130.398836 84 82 75
81 81.621637 70
82 94.149309 81 71
83 126.874282 81 72